# 0 1 1 0 12 100 1 101 51 102 50 103 49 104 48
# 0 1 1 0 12 99 1 105 48 106 48 107 49 108 49 109 49
# 0 1 1 0 12 98 1 110 50 111 51 111 52
# 0 1 1 0 12 -1 3 112 53
# 0 1 1 0 12 504 1 113 54 114 55
# 0 1 1 0 12 -1 3 115 56 115 57
# 0 1 1 0 12 502 1 116 58 115 59 114 60 114 61 113 62
# 0 1 1 0 12 501 1 112 63 111 63 110 63
# 0 1 1 0 12 -1 3 109 63
# 0 1 1 0 12 64 1 108 63 107 63 106 63 105 63 104 63 103 63 102 63
# 0 1 1 0 12 63 1 101 63 100 62 99 61 98 60 98 59 97 58 96 57
# 0 1 1 0 12 62 1 96 56 97 55 98 54 99 53 100 52
# 1 1 1 1 10 468 1 137 74 136 75 135 75 134 76 133 77
# 1 1 1 1 10 467 1 132 78 132 79 133 80
# 1 1 1 1 10 466 1 133 81 132 82 131 83 131 84 130 85
# 1 1 1 1 10 465 1 131 86 132 87 133 88 134 88 135 89 136 89 137 90
# 1 1 1 1 10 -1 3 138 90 139 90 140 89
# 1 1 1 1 10 461 1 141 89 142 90 143 90
# 1 1 1 1 10 462 1 144 89 144 88 144 87 144 86 145 85 145 84 146 83 146 82 147 81
# 1 1 1 1 10 463 1 147 80 146 79 146 78 146 77 146 76 146 75 146 74 146 73 146 72
# 1 1 1 1 10 -1 2 145 72 144 73 143 73 142 73 141 73 140 74 139 74
# 1 1 1 1 10 -1 3 138 74
